37.28
64.91
104.75
21.46
138.09
52.33
115.68
83.22
12.17
69.54
126.87
44.39
95.12
15.75
134.28
77.63
122.11
26.94
148.49
59.02
109.36
32.80
90.68
18.21
141.91
71.98
130.53
38.67
86.31
14.83
119.25
67.40
139.34
50.77
97.05
23.58
144.72
74.16
128.16
41.01
101.50
20.12
132.22
80.49
125.55
35.25
92.94
16.48
136.03
63.70
107.09
29.37
145.41
76.35
121.47
24.87
149.14
53.62
111.77
34.56
88.40
17.09
133.62
78.92
123.23
43.82
94.46
13.50
137.68
62.27
105.38
28.14
146.06
73.21
119.80
39.99
87.56
19.34
142.19
72.47
124.89
45.13
98.39
11.61
135.97
65.84
106.67
30.66
147.39
75.49
120.55
42.25
93.20
10.24
131.84
61.12
108.97
27.71
143.52
79.78